1.0000e+04 1.6000e+03 3.8763e+01 1.0071e+00
1.0100e+06 1.6000e+03 3.8819e+01 1.0045e+00
2.0100e+06 1.6000e+03 3.8898e+01 1.0003e+00
3.0100e+06 1.6000e+03 3.9059e+01 9.8470e-01
4.0100e+06 1.6000e+03 3.8876e+01 9.8180e-01
5.0100e+06 1.6000e+03 3.8803e+01 1.0015e+00
6.0100e+06 1.6000e+03 3.8704e+01 1.0204e+00
7.0100e+06 1.6000e+03 3.8604e+01 1.0079e+00
8.0100e+06 1.6000e+03 3.8523e+01 1.0277e+00
9.0100e+06 1.6000e+03 3.8461e+01 1.0249e+00
1.0010e+07 1.6000e+03 3.8409e+01 1.0127e+00
1.1010e+07 1.6000e+03 3.8359e+01 1.0077e+00
1.2010e+07 1.6000e+03 3.8312e+01 1.0122e+00
1.3010e+07 1.6000e+03 3.8269e+01 1.0209e+00
1.4010e+07 1.6000e+03 3.8219e+01 1.0161e+00
1.5010e+07 1.6000e+03 3.8171e+01 1.0142e+00
1.6010e+07 1.6000e+03 3.8133e+01 1.0225e+00
1.7010e+07 1.6000e+03 3.8099e+01 1.0236e+00
1.8010e+07 1.6000e+03 3.8067e+01 1.0218e+00
1.9010e+07 1.6000e+03 3.8034e+01 1.0175e+00
2.0010e+07 1.6000e+03 3.7998e+01 1.0045e+00
2.1010e+07 1.6000e+03 3.7971e+01 1.0043e+00
2.2010e+07 1.6000e+03 3.7945e+01 1.0049e+00
2.3010e+07 1.6000e+03 3.7920e+01 1.0060e+00
2.4010e+07 1.6000e+03 3.7900e+01 1.0138e+00
2.5010e+07 1.6000e+03 3.7879e+01 1.0165e+00
2.6010e+07 1.6000e+03 3.7859e+01 1.0199e+00
2.7010e+07 1.6000e+03 3.7838e+01 1.0205e+00
2.8010e+07 1.6000e+03 3.7819e+01 1.0210e+00
2.9010e+07 1.6000e+03 3.7800e+01 1.0212e+00
3.0010e+07 1.6000e+03 3.7782e+01 1.0203e+00
3.1010e+07 1.6000e+03 3.7766e+01 1.0201e+00
3.2010e+07 1.6000e+03 3.7750e+01 1.0196e+00
3.3010e+07 1.6000e+03 3.7733e+01 1.0196e+00
3.4010e+07 1.6000e+03 3.7718e+01 1.0191e+00
3.5010e+07 1.6000e+03 3.7703e+01 1.0197e+00
3.6010e+07 1.6000e+03 3.7688e+01 1.0199e+00
3.7010e+07 1.6000e+03 3.7673e+01 1.0190e+00
3.8010e+07 1.6000e+03 3.7659e+01 1.0181e+00
3.9010e+07 1.6000e+03 3.7645e+01 1.0180e+00
4.0010e+07 1.6000e+03 3.7632e+01 1.0170e+00
4.1010e+07 1.6000e+03 3.7619e+01 1.0153e+00
4.2010e+07 1.6000e+03 3.7607e+01 1.0157e+00
4.3010e+07 1.6000e+03 3.7594e+01 1.0146e+00
4.4010e+07 1.6000e+03 3.7582e+01 1.0136e+00
4.5010e+07 1.6000e+03 3.7571e+01 1.0140e+00
4.6010e+07 1.6000e+03 3.7559e+01 1.0127e+00
4.7010e+07 1.6000e+03 3.7547e+01 1.0116e+00
4.8010e+07 1.6000e+03 3.7537e+01 1.0131e+00
4.9010e+07 1.6000e+03 3.7526e+01 1.0110e+00
5.0010e+07 1.6000e+03 3.7514e+01 1.0092e+00
5.1010e+07 1.6000e+03 3.7504e+01 1.0096e+00
5.2010e+07 1.6000e+03 3.7493e+01 1.0083e+00
5.3010e+07 1.6000e+03 3.7482e+01 1.0066e+00
5.4010e+07 1.6000e+03 3.7473e+01 1.0070e+00
5.5010e+07 1.6000e+03 3.7464e+01 1.0077e+00
5.6010e+07 1.6000e+03 3.7454e+01 1.0060e+00
5.7010e+07 1.6000e+03 3.7443e+01 1.0036e+00
5.8010e+07 1.6000e+03 3.7435e+01 1.0034e+00
5.9010e+07 1.6000e+03 3.7426e+01 1.0048e+00
6.0010e+07 1.6000e+03 3.7418e+01 1.0051e+00
6.1010e+07 1.6000e+03 3.7410e+01 1.0064e+00
6.2010e+07 1.6000e+03 3.7401e+01 1.0062e+00
6.3010e+07 1.6000e+03 3.7392e+01 1.0071e+00
6.4010e+07 1.6000e+03 3.7383e+01 1.0047e+00
6.5010e+07 1.6000e+03 3.7375e+01 1.0047e+00
6.6010e+07 1.6000e+03 3.7367e+01 1.0057e+00
6.7010e+07 1.6000e+03 3.7358e+01 1.0049e+00
6.8010e+07 1.6000e+03 3.7351e+01 1.0068e+00
6.9010e+07 1.6000e+03 3.7343e+01 1.0064e+00
7.0010e+07 1.6000e+03 3.7335e+01 1.0067e+00
7.1010e+07 1.6000e+03 3.7329e+01 1.0084e+00
7.2010e+07 1.6000e+03 3.7321e+01 1.0084e+00
7.3010e+07 1.6000e+03 3.7314e+01 1.0086e+00
7.4010e+07 1.6000e+03 3.7305e+01 1.0061e+00
7.5010e+07 1.6000e+03 3.7300e+01 1.0083e+00
7.6010e+07 1.6000e+03 3.7292e+01 1.0075e+00
7.7010e+07 1.6000e+03 3.7284e+01 1.0070e+00
7.8010e+07 1.6000e+03 3.7277e+01 1.0066e+00
7.9010e+07 1.6000e+03 3.7270e+01 1.0036e+00
8.0010e+07 1.6000e+03 3.7264e+01 1.0055e+00
8.1010e+07 1.6000e+03 3.7257e+01 1.0047e+00
8.2010e+07 1.6000e+03 3.7250e+01 1.0040e+00
8.3010e+07 1.6000e+03 3.7244e+01 1.0038e+00
8.4010e+07 1.6000e+03 3.7237e+01 1.0030e+00
8.5010e+07 1.6000e+03 3.7230e+01 1.0009e+00
8.6010e+07 1.6000e+03 3.7224e+01 1.0013e+00
8.7010e+07 1.6000e+03 3.7217e+01 1.0009e+00
8.8010e+07 1.6000e+03 3.7211e+01 1.0013e+00
8.9010e+07 1.6000e+03 3.7205e+01 1.0010e+00
9.0010e+07 1.6000e+03 3.7199e+01 1.0001e+00
9.1010e+07 1.6000e+03 3.7192e+01 9.9910e-01
9.2010e+07 1.6000e+03 3.7186e+01 9.9950e-01
9.3010e+07 1.6000e+03 3.7181e+01 9.9950e-01
9.4010e+07 1.6000e+03 3.7176e+01 9.9970e-01
9.5010e+07 1.6000e+03 3.7170e+01 1.0000e+00
9.6010e+07 1.6000e+03 3.7165e+01 9.9970e-01
9.7010e+07 1.6000e+03 3.7159e+01 1.0014e+00
9.8010e+07 1.6000e+03 3.7154e+01 1.0014e+00
9.9010e+07 1.6000e+03 3.7148e+01 1.0015e+00
1.0001e+08 1.6000e+03 3.7143e+01 1.0013e+00
1.0101e+08 1.6000e+03 3.7138e+01 1.0007e+00
1.0201e+08 1.6000e+03 3.7133e+01 1.0023e+00
1.0301e+08 1.6000e+03 3.7128e+01 1.0031e+00
1.0401e+08 1.6000e+03 3.7123e+01 1.0030e+00
1.0501e+08 1.6000e+03 3.7118e+01 1.0028e+00
1.0601e+08 1.6000e+03 3.7113e+01 1.0028e+00
1.0701e+08 1.6000e+03 3.7108e+01 1.0026e+00
1.0801e+08 1.6000e+03 3.7102e+01 1.0018e+00
1.0901e+08 1.6000e+03 3.7097e+01 1.0018e+00
1.1001e+08 1.6000e+03 3.7092e+01 1.0015e+00
1.1101e+08 1.6000e+03 3.7087e+01 1.0003e+00
1.1201e+08 1.6000e+03 3.7081e+01 9.9910e-01
1.1301e+08 1.6000e+03 3.7077e+01 9.9990e-01
1.1401e+08 1.6000e+03 3.7072e+01 1.0000e+00
1.1501e+08 1.6000e+03 3.7067e+01 9.9980e-01
1.1601e+08 1.6000e+03 3.7063e+01 9.9890e-01
1.1701e+08 1.6000e+03 3.7057e+01 9.9910e-01
1.1801e+08 1.6000e+03 3.7052e+01 9.9770e-01
1.1901e+08 1.6000e+03 3.7048e+01 9.9690e-01
1.2001e+08 1.6000e+03 3.7043e+01 9.9710e-01
1.2101e+08 1.6000e+03 3.7039e+01 9.9680e-01
1.2201e+08 1.6000e+03 3.7034e+01 9.9710e-01
1.2301e+08 1.6000e+03 3.7030e+01 9.9690e-01
1.2401e+08 1.6000e+03 3.7026e+01 9.9700e-01
1.2501e+08 1.6000e+03 3.7021e+01 9.9780e-01
1.2601e+08 1.6000e+03 3.7017e+01 9.9800e-01
1.2701e+08 1.6000e+03 3.7013e+01 9.9830e-01
1.2801e+08 1.6000e+03 3.7009e+01 9.9850e-01
1.2901e+08 1.6000e+03 3.7005e+01 9.9890e-01
1.3001e+08 1.6000e+03 3.7001e+01 9.9910e-01
1.3101e+08 1.6000e+03 3.6996e+01 9.9970e-01
1.3201e+08 1.6000e+03 3.6992e+01 9.9980e-01
1.3301e+08 1.6000e+03 3.6988e+01 1.0004e+00
1.3401e+08 1.6000e+03 3.6984e+01 1.0008e+00
1.3501e+08 1.6000e+03 3.6980e+01 1.0008e+00
1.3601e+08 1.6000e+03 3.6976e+01 1.0016e+00
1.3701e+08 1.6000e+03 3.6973e+01 1.0016e+00
1.3801e+08 1.6000e+03 3.6968e+01 1.0022e+00
1.3901e+08 1.6000e+03 3.6964e+01 1.0023e+00
1.4001e+08 1.6000e+03 3.6960e+01 1.0023e+00
1.4101e+08 1.6000e+03 3.6956e+01 1.0024e+00
1.4201e+08 1.6000e+03 3.6952e+01 1.0029e+00
1.4301e+08 1.6000e+03 3.6948e+01 1.0029e+00
1.4401e+08 1.6000e+03 3.6945e+01 1.0028e+00
1.4501e+08 1.6000e+03 3.6941e+01 1.0034e+00
1.4601e+08 1.6000e+03 3.6937e+01 1.0034e+00
1.4701e+08 1.6000e+03 3.6934e+01 1.0037e+00
1.4801e+08 1.6000e+03 3.6930e+01 1.0041e+00
1.4901e+08 1.6000e+03 3.6927e+01 1.0040e+00
1.5001e+08 1.6000e+03 3.6923e+01 1.0045e+00
1.5101e+08 1.6000e+03 3.6919e+01 1.0051e+00
1.5201e+08 1.6000e+03 3.6916e+01 1.0050e+00
1.5301e+08 1.6000e+03 3.6913e+01 1.0056e+00
1.5401e+08 1.6000e+03 3.6910e+01 1.0061e+00
1.5501e+08 1.6000e+03 3.6906e+01 1.0061e+00
1.5601e+08 1.6000e+03 3.6903e+01 1.0067e+00
1.5701e+08 1.6000e+03 3.6900e+01 1.0072e+00
1.5801e+08 1.6000e+03 3.6895e+01 1.0072e+00
1.5901e+08 1.6000e+03 3.6892e+01 1.0071e+00
1.6001e+08 1.6000e+03 3.6889e+01 1.0076e+00
1.6101e+08 1.6000e+03 3.6886e+01 1.0075e+00
1.6201e+08 1.6000e+03 3.6883e+01 1.0082e+00
1.6301e+08 1.6000e+03 3.6879e+01 1.0081e+00
1.6401e+08 1.6000e+03 3.6876e+01 1.0080e+00
1.6501e+08 1.6000e+03 3.6872e+01 1.0080e+00
1.6601e+08 1.6000e+03 3.6868e+01 1.0083e+00
1.6701e+08 1.6000e+03 3.6866e+01 1.0086e+00
1.6801e+08 1.6000e+03 3.6863e+01 1.0085e+00
1.6901e+08 1.6000e+03 3.6859e+01 1.0085e+00
1.7001e+08 1.6000e+03 3.6856e+01 1.0088e+00
1.7101e+08 1.6000e+03 3.6853e+01 1.0088e+00
1.7201e+08 1.6000e+03 3.6850e+01 1.0088e+00
1.7301e+08 1.6000e+03 3.6846e+01 1.0089e+00
1.7401e+08 1.6000e+03 3.6843e+01 1.0093e+00
1.7501e+08 1.6000e+03 3.6840e+01 1.0089e+00
1.7601e+08 1.6000e+03 3.6837e+01 1.0093e+00
1.7701e+08 1.6000e+03 3.6834e+01 1.0091e+00
1.7801e+08 1.6000e+03 3.6831e+01 1.0092e+00
1.7901e+08 1.6000e+03 3.6827e+01 1.0095e+00
1.8001e+08 1.6000e+03 3.6824e+01 1.0093e+00
1.8101e+08 1.6000e+03 3.6822e+01 1.0096e+00
1.8201e+08 1.6000e+03 3.6818e+01 1.0095e+00
1.8301e+08 1.6000e+03 3.6816e+01 1.0097e+00
1.8401e+08 1.6000e+03 3.6812e+01 1.0097e+00
1.8501e+08 1.6000e+03 3.6809e+01 1.0096e+00
1.8601e+08 1.6000e+03 3.6807e+01 1.0098e+00
1.8701e+08 1.6000e+03 3.6803e+01 1.0097e+00
1.8801e+08 1.6000e+03 3.6800e+01 1.0097e+00
1.8901e+08 1.6000e+03 3.6797e+01 1.0095e+00
1.9001e+08 1.6000e+03 3.6794e+01 1.0095e+00
1.9101e+08 1.6000e+03 3.6791e+01 1.0095e+00
1.9201e+08 1.6000e+03 3.6789e+01 1.0094e+00
1.9301e+08 1.6000e+03 3.6786e+01 1.0093e+00
1.9401e+08 1.6000e+03 3.6783e+01 1.0092e+00
1.9501e+08 1.6000e+03 3.6780e+01 1.0090e+00
1.9601e+08 1.6000e+03 3.6777e+01 1.0089e+00
1.9701e+08 1.6000e+03 3.6774e+01 1.0090e+00
1.9801e+08 1.6000e+03 3.6771e+01 1.0088e+00
1.9901e+08 1.6000e+03 3.6768e+01 1.0086e+00
