 MODEL DESIGNATION: Mass_1e7_Z_11       
 MODEL GENERATED: Tue May  8 13:49:41 2018

              RESULTS FOR THE NUMBER OF IONIZING PHOTONS

   TIME            H I              HE I            HE II         LOG L
              [s^-1]  % OF L   [s^-1]  % OF L   [s^-1]  % OF L   [ERG/S]
 .10000E+05   51.647  -0.285   51.115  -0.656   47.400  -4.118   41.491
 .11000E+06   51.652  -0.285   51.120  -0.655   47.405  -4.118   41.496
 .21000E+06   51.657  -0.284   51.125  -0.655   47.410  -4.118   41.501
 .31000E+06   51.663  -0.284   51.131  -0.654   47.416  -4.117   41.506
 .41000E+06   51.669  -0.283   51.137  -0.654   47.422  -4.116   41.511
 .51000E+06   51.673  -0.284   51.141  -0.655   47.424  -4.120   41.516
 .61000E+06   51.679  -0.284   51.146  -0.655   47.429  -4.119   41.522
 .71000E+06   51.685  -0.283   51.152  -0.654   47.435  -4.118   41.527
 .81000E+06   51.690  -0.283   51.158  -0.654   47.441  -4.118   41.532
 .91000E+06   51.696  -0.283   51.163  -0.654   47.447  -4.118   41.538
 .10100E+07   51.703  -0.281   51.171  -0.651   47.453  -4.117   41.543
 .11100E+07   51.707  -0.283   51.174  -0.653   47.455  -4.120   41.548
 .12100E+07   51.713  -0.282   51.180  -0.653   47.461  -4.120   41.554
 .13100E+07   51.718  -0.282   51.186  -0.654   47.465  -4.122   41.560
 .14100E+07   51.724  -0.282   51.192  -0.653   47.471  -4.121   41.565
 .15100E+07   51.730  -0.283   51.196  -0.655   47.473  -4.125   41.571
 .16100E+07   51.736  -0.282   51.203  -0.654   47.481  -4.123   41.577
 .17100E+07   51.742  -0.283   51.208  -0.654   47.483  -4.127   41.583
 .18100E+07   51.747  -0.283   51.213  -0.655   47.486  -4.130   41.589
 .19100E+07   51.755  -0.282   51.221  -0.653   47.582  -4.041   41.595
 .20100E+07   51.762  -0.280   51.231  -0.649   47.693  -3.937   41.602
 .21100E+07   51.762  -0.290   51.220  -0.667   47.641  -3.996   41.608
 .22100E+07   51.758  -0.305   51.196  -0.699   47.516  -4.128   41.615
 .23100E+07   51.751  -0.324   51.170  -0.733   47.444  -4.209   41.621
 .24100E+07   51.750  -0.334   51.158  -0.753   47.387  -4.273   41.628
 .25100E+07   51.752  -0.341   51.152  -0.767   47.343  -4.324   41.635
 .26100E+07   51.748  -0.356   51.131  -0.798   47.262  -4.413   41.642
 .27100E+07   51.742  -0.374   51.107  -0.831   47.222  -4.460   41.650
 .28100E+07   51.718  -0.408   51.070  -0.875   47.161  -4.529   41.657
 .29100E+07   51.687  -0.450   51.031  -0.926   47.072  -4.628   41.666
 .30100E+07   51.654  -0.501   50.987  -0.987   46.929  -4.787   41.681
 .31100E+07   51.621  -0.550   50.941  -1.049   46.774  -4.956   41.694
 .32100E+07   51.594  -0.582   50.911  -1.083   46.768  -4.968   41.698
 .33100E+07   51.571  -0.573   50.881  -1.081   46.745  -4.959   41.665
 .34100E+07   51.546  -0.571   50.850  -1.084   46.723  -4.953   41.637
 .35100E+07   51.522  -0.572   50.821  -1.089   46.714  -4.938   41.613
 .36100E+07   51.499  -0.575   50.789  -1.100   46.687  -4.944   41.591
 .37100E+07   51.473  -0.583   50.750  -1.120   46.656  -4.956   41.571
 .38100E+07   51.437  -0.604   50.698  -1.156   46.550  -5.044   41.554
 .39100E+07   51.400  -0.629   50.635  -1.204   46.507  -5.072   41.537
 .40100E+07   51.378  -0.636   50.608  -1.216   46.446  -5.118   41.522
 .41100E+07   51.352  -0.648   50.575  -1.235   46.437  -5.112   41.507
 .42100E+07   51.329  -0.655   50.547  -1.245   46.431  -5.101   41.490
 .43100E+07   51.307  -0.662   50.517  -1.260   46.351  -5.164   41.474
 .44100E+07   51.276  -0.679   50.469  -1.294   46.125  -5.375   41.458
 .45100E+07   51.252  -0.690   50.430  -1.319   45.941  -5.542   41.443
 .46100E+07   51.228  -0.701   50.398  -1.337   45.926  -5.543   41.428
 .47100E+07   51.190  -0.728   50.326  -1.396   45.510  -5.940   41.413
 .48100E+07   51.156  -0.752   50.260  -1.450   45.427  -6.009   41.399
 .49100E+07   51.114  -0.785   50.164  -1.536   45.281  -6.142   41.385
 .50100E+07   51.075  -0.817   50.068  -1.623   45.064  -6.345   41.371
 .51100E+07   51.056  -0.822   50.046  -1.632   45.057  -6.338   41.357
 .52100E+07   51.028  -0.838   49.999  -1.665   44.926  -6.455   41.344
 .53100E+07   51.006  -0.847   49.970  -1.681   44.912  -6.456   41.330
 .54100E+07   50.978  -0.863   49.920  -1.719   44.716  -6.638   41.317
 .55100E+07   50.960  -0.869   49.891  -1.735   44.690  -6.651   41.304
 .56100E+07   50.939  -0.878   49.861  -1.753   44.663  -6.666   41.291
 .57100E+07   50.912  -0.896   49.801  -1.802   44.234  -7.083   41.279
 .58100E+07   50.894  -0.901   49.781  -1.810   44.332  -6.972   41.267
 .59100E+07   50.867  -0.919   49.726  -1.854   44.149  -7.145   41.255
 .60100E+07   50.842  -0.933   49.677  -1.892   44.055  -7.227   41.243
 .61100E+07   50.819  -0.947   49.627  -1.932   43.964  -7.306   41.232
 .62100E+07   50.793  -0.963   49.563  -1.985   43.854  -7.404   41.221
 .63100E+07   50.765  -0.982   49.493  -2.046   43.709  -7.539   41.209
 .64100E+07   50.721  -1.020   49.323  -2.210   42.443  -8.793   41.198
 .65100E+07   50.700  -1.031   49.274  -2.250   40.642 -10.587   41.188
 .66100E+07   50.678  -1.044   49.231  -2.282   40.596 -10.622   41.177
 .67100E+07   50.661  -1.051   49.200  -2.303   40.547 -10.661   41.166
 .68100E+07   50.639  -1.063   49.157  -2.337   40.489 -10.709   41.156
 .69100E+07   50.618  -1.074   49.111  -2.373   40.427 -10.760   41.145
 .70100E+07   50.599  -1.083   49.074  -2.400   40.343 -10.834   41.135
 .71100E+07   50.581  -1.092   49.040  -2.425   40.318 -10.849   41.125
 .72100E+07   50.557  -1.106   48.992  -2.464   40.255 -10.902   41.115
 .73100E+07   50.534  -1.119   48.928  -2.517   40.194 -10.952   41.104
 .74100E+07   50.508  -1.137   48.851  -2.586   40.142 -10.993   41.094
 .75100E+07   50.482  -1.152   48.789  -2.638   40.057 -11.068   41.083
 .76100E+07   50.459  -1.165   48.742  -2.675   39.916 -11.198   41.073
 .77100E+07   50.438  -1.176   48.702  -2.705   39.808 -11.296   41.062
 .78100E+07   50.411  -1.193   48.636  -2.762   39.598 -11.496   41.051
 .79100E+07   50.391  -1.206   48.596  -2.795   39.258 -11.830   41.043
 .80100E+07   50.375  -1.214   48.575  -2.808   39.221 -11.859   41.035
 .81100E+07   50.355  -1.227   48.534  -2.841   39.168 -11.906   41.027
 .82100E+07   50.339  -1.236   48.514  -2.855   39.110 -11.956   41.020
 .83100E+07   50.319  -1.250   48.473  -2.889   39.060 -12.000   41.013
 .84100E+07   50.298  -1.264   48.437  -2.919   38.969 -12.083   41.006
 .85100E+07   50.265  -1.290   48.336  -3.014   38.892 -12.154   40.999
 .86100E+07   50.233  -1.317   48.221  -3.124   38.808 -12.231   40.993
 .87100E+07   50.197  -1.348   48.048  -3.294   38.727 -12.306   40.986
 .88100E+07   50.179  -1.360   48.009  -3.328   38.686 -12.340   40.980
 .89100E+07   50.160  -1.373   47.979  -3.351   38.637 -12.384   40.974
 .90100E+07   50.134  -1.393   47.930  -3.394   38.590 -12.425   40.968
 .91100E+07   50.105  -1.416   47.877  -3.442   38.530 -12.478   40.962
 .92100E+07   50.082  -1.433   47.838  -3.476   38.480 -12.522   40.956
 .93100E+07   50.058  -1.453   47.793  -3.515   38.409 -12.588   40.951
 .94100E+07   50.039  -1.466   47.760  -3.543   38.337 -12.654   40.945
 .95100E+07   50.010  -1.490   47.708  -3.590   38.260 -12.726   40.939
 .96100E+07   49.991  -1.505   47.682  -3.611   38.187 -12.794   40.934
 .97100E+07   49.961  -1.530   47.616  -3.673   38.108 -12.869   40.929
 .98100E+07   49.941  -1.546   47.593  -3.691   38.070 -12.901   40.925
 .99100E+07   49.917  -1.566   47.550  -3.730   38.034 -12.933   40.920
 .10010E+08   49.887  -1.591   47.491  -3.784   37.965 -12.997   40.915
 .10110E+08   49.864  -1.611   47.461  -3.810   37.917 -13.040   40.910
 .10210E+08   49.840  -1.631   47.402  -3.865   37.880 -13.073   40.906
 .10310E+08   49.814  -1.652   47.367  -3.895   37.800 -13.148   40.901
 .10410E+08   49.787  -1.674   47.322  -3.935   37.732 -13.211   40.896
 .10510E+08   49.760  -1.697   47.262  -3.990   37.661 -13.277   40.890
 .10610E+08   49.741  -1.711   47.233  -4.014   37.602 -13.331   40.885
 .10710E+08   49.713  -1.735   47.159  -4.084   37.515 -13.412   40.880
 .10810E+08   49.688  -1.755   47.127  -4.110   37.439 -13.483   40.875
 .10910E+08   49.664  -1.775   47.044  -4.191   37.387 -13.530   40.870
 .11010E+08   49.642  -1.792   47.030  -4.199   37.345 -13.567   40.864
 .11110E+08   49.619  -1.810   46.974  -4.251   37.300 -13.607   40.859
 .11210E+08   49.600  -1.825   46.939  -4.281   37.247 -13.655   40.854
 .11310E+08   49.581  -1.840   46.914  -4.301   37.221 -13.676   40.849
 .11410E+08   49.557  -1.859   46.870  -4.340   37.154 -13.738   40.844
 .11510E+08   49.533  -1.879   46.830  -4.375   37.098 -13.789   40.839
 .11610E+08   49.512  -1.895   46.800  -4.400   37.079 -13.803   40.834
 .11710E+08   49.487  -1.916   46.750  -4.446   36.983 -13.895   40.830
 .11810E+08   49.464  -1.935   46.703  -4.489   36.910 -13.962   40.825
 .11910E+08   49.442  -1.952   46.667  -4.520   36.853 -14.014   40.820
 .12010E+08   49.418  -1.972   46.617  -4.565   36.765 -14.098   40.815
 .12110E+08   49.397  -1.989   46.578  -4.600   36.693 -14.165   40.810
 .12210E+08   49.375  -2.007   46.535  -4.639   36.612 -14.241   40.805
 .12310E+08   49.360  -2.018   46.515  -4.655   36.581 -14.268   40.801
 .12410E+08   49.336  -2.038   46.474  -4.690   36.532 -14.312   40.796
 .12510E+08   49.317  -2.052   46.447  -4.713   36.486 -14.354   40.791
 .12610E+08   49.299  -2.066   46.417  -4.739   36.429 -14.406   40.787
 .12710E+08   49.284  -2.077   46.396  -4.755   36.389 -14.442   40.782
 .12810E+08   49.265  -2.092   46.365  -4.782   36.338 -14.488   40.777
 .12910E+08   49.243  -2.109   46.335  -4.806   36.303 -14.517   40.773
 .13010E+08   49.225  -2.123   46.301  -4.837   36.240 -14.576   40.768
 .13110E+08   49.205  -2.139   46.256  -4.878   36.114 -14.697   40.764
 .13210E+08   49.188  -2.152   46.231  -4.898   36.033 -14.774   40.759
 .13310E+08   49.163  -2.173   46.183  -4.942   35.920 -14.883   40.755
 .13410E+08   49.146  -2.186   46.148  -4.972   35.804 -14.994   40.750
 .13510E+08   49.129  -2.199   46.116  -4.999   35.661 -15.132   40.745
 .13610E+08   49.105  -2.218   46.066  -5.045   35.417 -15.371   40.740
 .13710E+08   49.090  -2.229   46.039  -5.067   35.198 -15.585   40.735
 .13810E+08   49.075  -2.239   46.015  -5.086   34.967 -15.812   40.731
 .13910E+08   49.055  -2.255   45.979  -5.118   34.492 -16.282   40.726
 .14010E+08   49.044  -2.262   45.961  -5.131   34.465 -16.304   40.721
 .14110E+08   49.032  -2.270   45.942  -5.146   34.386 -16.378   40.717
 .14210E+08   49.013  -2.284   45.913  -5.170   34.727 -16.033   40.712
 .14310E+08   48.999  -2.293   45.887  -5.191   34.280 -16.474   40.707
 .14410E+08   48.987  -2.300   45.867  -5.207   34.192 -16.558   40.702
 .14510E+08   48.970  -2.313   45.842  -5.227   34.771 -15.975   40.697
 .14610E+08   48.952  -2.327   45.799  -5.266  -10.000 -50.693   40.693
 .14710E+08   48.940  -2.335   45.792  -5.269   34.747 -15.990   40.689
 .14810E+08   48.927  -2.345   45.762  -5.295   33.957 -16.776   40.685
 .14910E+08   48.916  -2.352   45.746  -5.307   34.665 -16.064   40.681
 .15010E+08   48.895  -2.370   45.698  -5.352  -10.000 -50.677   40.677
 .15110E+08   48.887  -2.374   45.687  -5.358   33.505 -17.217   40.673
 .15210E+08   48.867  -2.391   45.649  -5.393   33.487 -17.230   40.669
 .15310E+08   48.856  -2.398   45.627  -5.411   33.497 -17.216   40.665
 .15410E+08   48.838  -2.413   45.593  -5.441   33.166 -17.543   40.661
 .15510E+08   48.826  -2.421   45.569  -5.461   33.066 -17.640   40.658
 .15610E+08   48.808  -2.436   45.529  -5.499  -10.000 -50.654   40.654
 .15710E+08   48.798  -2.443   45.511  -5.512  -10.000 -50.650   40.650
 .15810E+08   48.786  -2.451   45.494  -5.526  -10.000 -50.647   40.647
 .15910E+08   48.775  -2.459   45.473  -5.544  -10.000 -50.643   40.643
 .16010E+08   48.758  -2.472   45.438  -5.575  -10.000 -50.640   40.640
 .16110E+08   48.752  -2.475   45.438  -5.571  -10.000 -50.636   40.636
 .16210E+08   48.736  -2.487   45.408  -5.597  -10.000 -50.632   40.632
 .16310E+08   48.726  -2.494   45.392  -5.611  -10.000 -50.629   40.629
 .16410E+08   48.710  -2.507   45.358  -5.641  -10.000 -50.625   40.625
 .16510E+08   48.704  -2.509   45.356  -5.639   33.525 -17.145   40.622
 .16610E+08   48.691  -2.519   45.334  -5.658  -10.000 -50.618   40.618
 .16710E+08   48.679  -2.528   45.309  -5.680  -10.000 -50.615   40.615
 .16810E+08   48.667  -2.536   45.293  -5.692  -10.000 -50.611   40.611
 .16910E+08   48.658  -2.543   45.274  -5.708  -10.000 -50.608   40.608
 .17010E+08   48.643  -2.555   45.247  -5.732  -10.000 -50.604   40.604
 .17110E+08   48.634  -2.560   45.225  -5.751  -10.000 -50.601   40.601
 .17210E+08   48.620  -2.571   45.199  -5.774  -10.000 -50.598   40.598
 .17310E+08   48.605  -2.583   45.169  -5.800  -10.000 -50.594   40.594
 .17410E+08   48.597  -2.588   45.154  -5.811  -10.000 -50.591   40.591
 .17510E+08   48.581  -2.601   45.119  -5.844  -10.000 -50.588   40.588
 .17610E+08   48.574  -2.605   45.108  -5.851  -10.000 -50.585   40.585
 .17710E+08   48.559  -2.617   45.080  -5.876  -10.000 -50.581   40.581
 .17810E+08   48.550  -2.623   45.059  -5.894  -10.000 -50.578   40.578
 .17910E+08   48.538  -2.632   45.035  -5.915  -10.000 -50.575   40.575
 .18010E+08   48.524  -2.644   45.008  -5.939  -10.000 -50.572   40.572
 .18110E+08   48.519  -2.645   45.000  -5.944  -10.000 -50.569   40.569
 .18210E+08   48.508  -2.654   44.984  -5.957  -10.000 -50.566   40.566
 .18310E+08   48.500  -2.659   44.967  -5.971  -10.000 -50.563   40.563
 .18410E+08   48.490  -2.666   44.953  -5.982  -10.000 -50.560   40.560
 .18510E+08   48.476  -2.676   44.928  -6.004  -10.000 -50.556   40.556
 .18610E+08   48.469  -2.681   44.914  -6.015  -10.000 -50.554   40.554
 .18710E+08   48.458  -2.689   44.897  -6.029  -10.000 -50.550   40.550
 .18810E+08   48.448  -2.696   44.884  -6.039  -10.000 -50.547   40.547
 .18910E+08   48.439  -2.702   44.862  -6.058  -10.000 -50.544   40.544
 .19010E+08   48.428  -2.710   44.844  -6.073  -10.000 -50.541   40.541
 .19110E+08   48.418  -2.717   44.830  -6.084  -10.000 -50.538   40.538
 .19210E+08   48.409  -2.724   44.808  -6.103  -10.000 -50.535   40.535
 .19310E+08   48.398  -2.732   44.788  -6.120  -10.000 -50.532   40.532
 .19410E+08   48.393  -2.734   44.783  -6.122  -10.000 -50.529   40.529
 .19510E+08   48.382  -2.741   44.765  -6.137  -10.000 -50.526   40.526
 .19610E+08   48.371  -2.750   44.742  -6.158  -10.000 -50.523   40.523
 .19710E+08   48.360  -2.759   44.713  -6.184  -10.000 -50.520   40.520
 .19810E+08   48.350  -2.766   44.694  -6.200  -10.000 -50.517   40.517
 .19910E+08   48.337  -2.776   44.670  -6.221  -10.000 -50.514   40.514
